Ville,Le Havre,Rouen,Caen,Cherbourg-en-Cotentin,Évreux,Sotteville-lès-Rouen,Saint-Étienne-du-Rouvray,Dieppe,Le Grand-Quevilly,Alençon,Vernon,Hérouville-Saint-Clair,Le Petit-Quevilly,Mont-Saint-Aignan,Lisieux,Saint-Lô,Louviers,Fécamp,Vire Normandie,Elbeuf,Montivilliers,Flers,Bois-Guillaume,Canteleu,Argentan,Bayeux,Val-de-Reuil,Granville,Oissel,Barentin,Ifs,Gisors,Bolbec,Yvetot,La Hague,Maromme,Déville-lès-Rouen,Port-Jérôme-sur-Seine,Avranches,Carentan-les-Marais,Caudebec-lès-Elbeuf,Mondeville,Pont-Audemer,Darnétal,Grand-Couronne,Petit-Caux,Bernay,Mézidon Vallée d'Auge,Ouistreham,Gonfreville-l'Orcher,Souleuvre en Bocage,Lillebonne,Petit-Couronne,Saint-Aubin-lès-Elbeuf,Coutances,Harfleur,Saint-Pierre-lès-Elbeuf,Bihorel,Le Mesnil-Esnard,Les Andelys,L'Aigle,Falaise,Verneuil d'Avre et d'Iton,Saint-Pierre-en-Auge,Sainte-Adresse,Colombelles,Notre-Dame-de-Bondeville,Gaillon,Valognes,Honfleur,Eu,Bonsecours,Thue et Mue,Livarot-Pays-d'Auge,Condé-en-Normandie,Mesnils-sur-Iton,Malaunay,Octeville-sur-Mer,Pavilly,Franqueville-Saint-Pierre,Vexin-sur-Epte,Gournay-en-Bray,Blainville-sur-Orne,Bricquebec-en-Cotentin,Saint-Hilaire-du-Harcouët,Valdallière,Saint-Sébastien-de-Morsent,Fleury-sur-Orne,Le Val d'Hazey,Dives-sur-Mer,Cormelles-le-Royal,La Ferté Macé,Douvres-la-Délivrande,Pacy-sur-Eure,Pont-l'Évêque,Cléon,Conches-en-Ouche,Saint-James,Tinchebray-Bocage,Giberville,Le Trait,Beuzeville,Neufchâtel-en-Bray,Trouville-sur-Mer,Montville,Les Monts d'Aunay,Mesnil-en-Ouche,Torigny-les-Villes,Saint-Romain-de-Colbosc,Le Tréport,Saint-Marcel,Pontorson,Breteuil,Noues de Sienne,Le Neubourg,Agneaux,Saint-Pair-sur-Mer,Brionne,Athis-Val de Rouvre,Terres-de-Caux,Sées,Domfront en Poiraie,Bretteville-sur-Odon,Courseulles-sur-Mer,Pont-de-l'Arche,Le Houlme,Condé-sur-Vire,Rives-en-Seine,Grand Bourgtheroulde,Duclair,Bourg-Achard,Gravigny,Boos,Saint-André-de-l'Eure,La Haye-du-Puits,Saint-Valery-en-Caux,Villedieu-les-Poêles-Rouffigny,Argences,Mortagne-au-Perche,Touques,Verson,Bosroumois,Le Thuit de l'Oison,Saint-Nicolas-d'Aliermont,Biéville-Beuville,Forges-les-Eaux,Saint-Germain-du-Corbéis,Étrépagny,Ézy-sur-Eure,Gouffern en Auge,Isneauville,Saint-Léger-du-Bourg-Denis,Le Vaudreuil,Le Hom,Cabourg,Isigny-sur-Mer,Deauville,Bréhal,Saline,Moult-Chicheboville,Val-au-Perche,Saint-Sauveur-Villages,Bourgvallées,Amfreville-la-Mi-Voie,La Chapelle-Longueville,Luc-sur-Mer,Gouville-sur-Mer,Les Pieux,Romilly-sur-Andelle,Picauville,Hermanville-sur-Mer,Offranville,Quettreville-sur-Sienne,Isigny-le-Buat,Saint-Georges-des-Groseillers,Saint-Jacques-sur-Darnétal,Carpiquet,Villers-Bocage,Quincampoix,Donville-les-Bains,Sourdeval,Gruchet-le-Valasse,Gasny,Vimoutiers,Guichainville,Le Molay-Littry,Tourouvre au Perche,Démouville,La Ferté-en-Ouche,Sainte-Mère-Église,Cany-Barville,Mortain-Bocage,Agon-Coutainville,Rives d'Andaine,Houppeville,Longny les Villages,Blangy-sur-Bresle,Goderville,Sartilly-Baie-Bocage,Ducey-Les Chéris
Le Havre,0.0,71.0,49.0,126.0,92.0,72.0,72.0,85.0,69.0,118.0,109.0,46.0,69.0,70.0,40.0,97.0,83.0,35.0,103.0,69.0,8.0,179.0,73.0,67.0,84.0,63.0,84.0,144.0,73.0,61.0,52.0,123.0,28.0,49.0,139.0,67.0,68.0,36.0,140.0,100.0,71.0,47.0,35.0,76.0,67.0,98.0,57.0,46.0,36.0,9.0,91.0,31.0,68.0,69.0,123.0,7.0,72.0,73.0,75.0,99.0,89.0,70.0,103.0,57.0,2.0,44.0,68.0,96.0,114.0,12.0,113.0,74.0,58.0,55.0,83.0,100.0,67.0,7.0,62.0,78.0,114.0,117.0,42.0,128.0,134.0,93.0,89.0,52.0,95.0,28.0,49.0,108.0,41.0,107.0,208.0,70.0,85.0,150.0,106.0,45.0,51.0,24.0,100.0,14.0,70.0,80.0,71.0,94.0,19.0,111.0,106.0,155.0,158.0,111.0,69.0,98.0,143.0,55.0,89.0,40.0,99.0,114.0,53.0,45.0,79.0,67.0,97.0,47.0,59.0,55.0,53.0,91.0,80.0,107.0,122.0,59.0,122.0,45.0,113.0,17.0,55.0,63.0,66.0,90.0,42.0,105.0,119.0,111.0,118.0,79.0,75.0,77.0,84.0,72.0,28.0,90.0,15.0,135.0,6835.0,48.0,143.0,116.0,102.0,74.0,105.0,39.0,130.0,138.0,85.0,109.0,38.0,80.0,128.0,135.0,94.0,80.0,53.0,168.0,77.0,142.0,113.0,28.0,117.0,63.0,97.0,76.0,105.0,45.0,79.0,104.0,50.0,124.0,132.0,115.0,70.0,116.0,120.0,25.0,140.0,140.0
Rouen,71.0,0.0,110.0,197.0,46.0,3.0,6.0,54.0,5.0,134.0,48.0,107.0,3.0,3.0,71.0,163.0,26.0,63.0,159.0,18.0,66.0,128.0,4.0,4.0,112.0,131.0,21.0,207.0,11.0,16.0,110.0,53.0,47.0,31.0,210.0,6.0,5.0,36.0,198.0,170.0,18.0,107.0,42.0,4.0,12.0,59.0,53.0,89.0,100.0,63.0,151.0,41.0,8.0,16.0,189.0,65.0,19.0,2.0,5.0,32.0,82.0,112.0,79.0,92.0,74.0,104.0,6.0,36.0,185.0,62.0,72.0,3.0,122.0,80.0,134.0,64.0,10.0,72.0,17.0,8.0,47.0,46.0,104.0,200.0,186.0,147.0,48.0,111.0,34.0,88.0,108.0,144.0,108.0,52.0,137.0,15.0,54.0,204.0,156.0,104.0,21.0,55.0,41.0,74.0,12.0,138.0,58.0,156.0,54.0,72.0,46.0,212.0,89.0,168.0,35.0,164.0,206.0,39.0,135.0,42.0,115.0,157.0,114.0,113.0,16.0,9.0,161.0,26.0,22.0,16.0,22.0,44.0,10.0,61.0,192.0,54.0,182.0,98.0,110.0,73.0,116.0,21.0,23.0,49.0,105.0,38.0,136.0,40.0,68.0,100.0,7.0,5.0,22.0,127.0,89.0,159.0,74.0,199.0,6901.0,100.0,130.0,183.0,166.0,4.0,44.0,106.0,198.0,210.0,17.0,180.0,103.0,48.0,193.0,189.0,142.0,8.0,115.0,107.0,11.0,205.0,166.0,46.0,54.0,86.0,52.0,144.0,99.0,103.0,77.0,175.0,51.0,174.0,199.0,152.0,8.0,103.0,67.0,57.0,200.0,195.0
Caen,49.0,110.0,0.0,105.0,112.0,109.0,108.0,133.0,106.0,90.0,135.0,3.0,107.0,109.0,43.0,53.0,111.0,83.0,54.0,100.0,57.0,227.0,112.0,106.0,55.0,27.0,115.0,98.0,107.0,104.0,5.0,156.0,75.0,94.0,116.0,106.0,107.0,79.0,91.0,66.0,102.0,3.0,68.0,114.0,101.0,146.0,71.0,29.0,13.0,56.0,43.0,75.0,104.0,101.0,80.0,55.0,103.0,111.0,112.0,130.0,86.0,34.0,106.0,36.0,48.0,5.0,108.0,123.0,88.0,51.0,161.0,111.0,13.0,47.0,35.0,112.0,109.0,54.0,105.0,115.0,142.0,155.0,7.0,99.0,86.0,44.0,108.0,4.0,122.0,22.0,4.0,67.0,13.0,130.0,246.0,102.0,98.0,101.0,58.0,6.0,91.0,54.0,144.0,38.0,112.0,31.0,80.0,47.0,65.0,159.0,132.0,107.0,199.0,62.0,92.0,55.0,97.0,79.0,44.0,88.0,75.0,69.0,4.0,18.0,111.0,108.0,51.0,90.0,91.0,96.0,88.0,112.0,116.0,123.0,87.0,108.0,74.0,16.0,99.0,38.0,7.0,94.0,95.0,138.0,7.0,146.0,90.0,144.0,135.0,58.0,115.0,114.0,114.0,24.0,22.0,56.0,38.0,89.0,6819.0,15.0,130.0,75.0,57.0,111.0,130.0,15.0,89.0,111.0,119.0,78.0,12.0,128.0,84.0,86.0,48.0,117.0,6.0,213.0,118.0,96.0,65.0,74.0,143.0,50.0,115.0,37.0,96.0,7.0,77.0,74.0,99.0,76.0,90.0,72.0,111.0,109.0,166.0,74.0,93.0,91.0
Cherbourg-en-Cotentin,126.0,197.0,105.0,0.0,212.0,198.0,198.0,197.0,195.0,184.0,233.0,105.0,195.0,196.0,145.0,70.0,207.0,144.0,107.0,195.0,131.0,287.0,199.0,193.0,154.0,78.0,209.0,90.0,199.0,186.0,108.0,249.0,151.0,171.0,13.0,192.0,194.0,161.0,108.0,47.0,196.0,108.0,159.0,202.0,193.0,210.0,172.0,133.0,107.0,135.0,94.0,156.0,194.0,195.0,67.0,132.0,197.0,199.0,201.0,225.0,191.0,133.0,211.0,141.0,124.0,108.0,194.0,221.0,19.0,136.0,223.0,200.0,93.0,151.0,115.0,215.0,193.0,126.0,186.0,204.0,239.0,242.0,106.0,20.0,125.0,109.0,209.0,106.0,219.0,117.0,108.0,149.0,98.0,230.0,332.0,195.0,201.0,126.0,120.0,110.0,176.0,146.0,221.0,127.0,195.0,100.0,183.0,87.0,143.0,221.0,230.0,119.0,282.0,100.0,191.0,69.0,92.0,177.0,126.0,161.0,175.0,138.0,102.0,91.0,204.0,193.0,78.0,172.0,184.0,181.0,179.0,212.0,206.0,226.0,40.0,170.0,96.0,120.0,202.0,129.0,101.0,188.0,190.0,206.0,104.0,228.0,183.0,237.0,237.0,160.0,200.0,203.0,209.0,108.0,116.0,52.0,127.0,83.0,6715.0,120.0,231.0,59.0,77.0,200.0,229.0,99.0,61.0,19.0,211.0,34.0,103.0,194.0,76.0,118.0,123.0,205.0,100.0,285.0,202.0,88.0,116.0,152.0,242.0,154.0,217.0,70.0,200.0,111.0,181.0,33.0,163.0,126.0,67.0,149.0,196.0,212.0,236.0,143.0,101.0,117.0
Évreux,92.0,46.0,112.0,212.0,0.0,43.0,40.0,100.0,43.0,102.0,25.0,110.0,45.0,49.0,69.0,164.0,21.0,99.0,149.0,31.0,90.0,164.0,49.0,48.0,91.0,138.0,28.0,202.0,35.0,59.0,110.0,54.0,78.0,72.0,225.0,51.0,50.0,67.0,188.0,177.0,30.0,108.0,57.0,46.0,38.0,104.0,41.0,84.0,106.0,85.0,146.0,71.0,40.0,32.0,189.0,87.0,29.0,48.0,43.0,31.0,48.0,100.0,36.0,81.0,94.0,107.0,52.0,20.0,198.0,80.0,115.0,44.0,125.0,68.0,125.0,19.0,56.0,95.0,62.0,42.0,36.0,66.0,108.0,210.0,171.0,138.0,5.0,112.0,20.0,95.0,109.0,123.0,115.0,18.0,146.0,33.0,17.0,190.0,144.0,106.0,56.0,69.0,82.0,86.0,58.0,133.0,34.0,153.0,80.0,116.0,23.0,200.0,107.0,161.0,23.0,165.0,200.0,37.0,121.0,80.0,86.0,139.0,115.0,122.0,31.0,54.0,160.0,62.0,37.0,54.0,44.0,2.0,40.0,16.0,198.0,98.0,175.0,96.0,71.0,84.0,118.0,34.0,30.0,95.0,110.0,71.0,104.0,46.0,27.0,78.0,52.0,45.0,26.0,122.0,97.0,167.0,87.0,195.0,6925.0,98.0,87.0,185.0,165.0,42.0,22.0,114.0,199.0,221.0,35.0,189.0,110.0,94.0,191.0,176.0,129.0,46.0,117.0,137.0,55.0,201.0,154.0,76.0,34.0,70.0,6.0,149.0,61.0,105.0,48.0,185.0,92.0,159.0,199.0,131.0,54.0,61.0,106.0,89.0,192.0,183.0
Sotteville-lès-Rouen,72.0,3.0,109.0,198.0,43.0,0.0,4.0,57.0,3.0,132.0,46.0,106.0,2.0,6.0,69.0,162.0,23.0,64.0,157.0,15.0,66.0,131.0,7.0,6.0,110.0,131.0,18.0,206.0,8.0,18.0,109.0,52.0,48.0,33.0,210.0,8.0,7.0,37.0,196.0,170.0,16.0,106.0,41.0,6.0,9.0,62.0,51.0,87.0,99.0,63.0,150.0,42.0,6.0,13.0,189.0,65.0,16.0,5.0,4.0,30.0,80.0,110.0,76.0,90.0,74.0,103.0,9.0,33.0,185.0,62.0,74.0,3.0,121.0,78.0,133.0,62.0,13.0,72.0,20.0,7.0,45.0,46.0,103.0,199.0,184.0,146.0,45.0,110.0,32.0,87.0,107.0,142.0,107.0,49.0,138.0,12.0,52.0,202.0,155.0,103.0,22.0,55.0,44.0,73.0,15.0,137.0,56.0,155.0,54.0,75.0,44.0,211.0,90.0,167.0,32.0,163.0,205.0,36.0,133.0,44.0,112.0,155.0,113.0,112.0,13.0,11.0,160.0,27.0,20.0,17.0,21.0,41.0,9.0,58.0,191.0,56.0,181.0,96.0,107.0,72.0,115.0,18.0,21.0,52.0,105.0,40.0,133.0,40.0,66.0,98.0,10.0,6.0,20.0,126.0,88.0,159.0,74.0,198.0,6902.0,99.0,127.0,182.0,165.0,3.0,42.0,105.0,197.0,210.0,15.0,180.0,103.0,51.0,192.0,187.0,141.0,9.0,114.0,109.0,13.0,204.0,164.0,46.0,52.0,84.0,49.0,143.0,96.0,102.0,75.0,175.0,53.0,172.0,198.0,150.0,11.0,100.0,69.0,58.0,199.0,194.0
Saint-Étienne-du-Rouvray,72.0,6.0,108.0,198.0,40.0,4.0,0.0,60.0,4.0,129.0,43.0,105.0,5.0,9.0,68.0,161.0,19.0,66.0,156.0,12.0,67.0,133.0,10.0,9.0,108.0,131.0,15.0,205.0,5.0,21.0,108.0,51.0,49.0,36.0,211.0,11.0,10.0,38.0,195.0,170.0,12.0,105.0,41.0,8.0,7.0,65.0,48.0,86.0,99.0,63.0,149.0,43.0,4.0,10.0,188.0,66.0,12.0,8.0,5.0,28.0,77.0,108.0,73.0,88.0,74.0,103.0,12.0,30.0,186.0,62.0,78.0,5.0,120.0,76.0,131.0,58.0,17.0,73.0,23.0,7.0,43.0,47.0,102.0,200.0,183.0,144.0,42.0,110.0,29.0,87.0,106.0,140.0,107.0,46.0,138.0,9.0,48.0,201.0,153.0,102.0,23.0,54.0,47.0,73.0,18.0,136.0,53.0,154.0,56.0,78.0,41.0,209.0,91.0,166.0,29.0,163.0,204.0,34.0,131.0,46.0,110.0,153.0,112.0,112.0,10.0,15.0,159.0,29.0,18.0,19.0,20.0,38.0,8.0,55.0,191.0,60.0,180.0,95.0,104.0,72.0,115.0,16.0,18.0,56.0,104.0,42.0,131.0,39.0,62.0,96.0,13.0,7.0,16.0,125.0,88.0,159.0,74.0,197.0,6904.0,98.0,124.0,182.0,164.0,4.0,39.0,105.0,196.0,210.0,13.0,180.0,102.0,54.0,192.0,186.0,139.0,10.0,113.0,111.0,16.0,203.0,163.0,48.0,49.0,82.0,45.0,143.0,93.0,101.0,72.0,175.0,56.0,170.0,197.0,148.0,14.0,97.0,72.0,60.0,198.0,192.0
Dieppe,85.0,54.0,133.0,197.0,100.0,57.0,60.0,0.0,58.0,181.0,97.0,130.0,56.0,51.0,106.0,181.0,79.0,54.0,187.0,71.0,76.0,95.0,51.0,53.0,154.0,147.0,73.0,228.0,65.0,43.0,135.0,88.0,58.0,41.0,209.0,50.0,51.0,58.0,224.0,181.0,72.0,131.0,75.0,54.0,64.0,14.0,99.0,122.0,120.0,77.0,176.0,60.0,60.0,69.0,207.0,78.0,72.0,52.0,57.0,79.0,133.0,147.0,132.0,129.0,86.0,128.0,49.0,87.0,189.0,83.0,28.0,56.0,142.0,120.0,165.0,118.0,44.0,80.0,41.0,59.0,91.0,68.0,126.0,204.0,218.0,176.0,102.0,136.0,86.0,111.0,133.0,183.0,126.0,103.0,143.0,68.0,107.0,234.0,188.0,128.0,53.0,83.0,34.0,95.0,42.0,164.0,108.0,179.0,68.0,26.0,96.0,240.0,93.0,195.0,87.0,182.0,228.0,85.0,169.0,45.0,161.0,193.0,137.0,129.0,69.0,46.0,181.0,50.0,71.0,51.0,66.0,98.0,60.0,114.0,202.0,27.0,207.0,126.0,161.0,96.0,140.0,71.0,75.0,11.0,127.0,48.0,183.0,79.0,120.0,144.0,48.0,55.0,75.0,155.0,111.0,171.0,96.0,219.0,6876.0,129.0,183.0,199.0,186.0,58.0,94.0,123.0,213.0,213.0,67.0,188.0,123.0,6.0,213.0,218.0,175.0,55.0,137.0,89.0,45.0,227.0,196.0,59.0,100.0,128.0,105.0,160.0,150.0,128.0,126.0,182.0,35.0,206.0,215.0,191.0,46.0,156.0,39.0,60.0,225.0,224.0
Le Grand-Quevilly,69.0,5.0,106.0,195.0,43.0,3.0,4.0,58.0,0.0,129.0,47.0,103.0,2.0,7.0,67.0,159.0,23.0,62.0,154.0,14.0,64.0,133.0,9.0,5.0,108.0,128.0,19.0,203.0,8.0,17.0,106.0,55.0,46.0,32.0,208.0,8.0,7.0,34.0,193.0,167.0,14.0,103.0,38.0,8.0,7.0,63.0,48.0,84.0,96.0,60.0,147.0,39.0,3.0,12.0,186.0,62.0,15.0,7.0,6.0,32.0,78.0,107.0,75.0,87.0,71.0,100.0,9.0,34.0,183.0,59.0,76.0,6.0,118.0,76.0,130.0,61.0,13.0,70.0,19.0,10.0,47.0,49.0,100.0,197.0,181.0,143.0,45.0,107.0,33.0,84.0,104.0,139.0,104.0,50.0,141.0,10.0,50.0,199.0,152.0,100.0,19.0,52.0,46.0,70.0,16.0,134.0,53.0,152.0,52.0,76.0,45.0,208.0,93.0,164.0,31.0,160.0,202.0,34.0,130.0,42.0,110.0,152.0,110.0,109.0,14.0,11.0,157.0,25.0,17.0,15.0,18.0,41.0,11.0,58.0,188.0,56.0,178.0,93.0,105.0,69.0,112.0,16.0,18.0,54.0,102.0,42.0,131.0,42.0,66.0,96.0,12.0,9.0,20.0,123.0,85.0,156.0,71.0,195.0,6900.0,96.0,126.0,179.0,162.0,5.0,43.0,102.0,194.0,207.0,17.0,177.0,100.0,52.0,189.0,184.0,138.0,12.0,111.0,112.0,16.0,201.0,161.0,44.0,53.0,82.0,48.0,140.0,95.0,99.0,72.0,172.0,52.0,169.0,195.0,147.0,12.0,99.0,72.0,56.0,196.0,191.0
Alençon,118.0,134.0,90.0,184.0,102.0,132.0,129.0,181.0,129.0,0.0,126.0,91.0,131.0,136.0,80.0,115.0,117.0,149.0,83.0,117.0,124.0,262.0,138.0,133.0,36.0,110.0,124.0,132.0,125.0,139.0,85.0,155.0,130.0,141.0,194.0,135.0,135.0,125.0,111.0,138.0,117.0,88.0,107.0,137.0,122.0,190.0,82.0,73.0,97.0,120.0,91.0,125.0,126.0,118.0,132.0,120.0,117.0,136.0,133.0,133.0,54.0,56.0,71.0,62.0,119.0,91.0,137.0,122.0,165.0,110.0,204.0,134.0,97.0,64.0,69.0,88.0,140.0,125.0,141.0,134.0,138.0,167.0,93.0,172.0,88.0,77.0,97.0,87.0,122.0,96.0,86.0,39.0,102.0,116.0,246.0,120.0,86.0,105.0,71.0,88.0,128.0,103.0,175.0,104.0,143.0,84.0,76.0,98.0,124.0,204.0,124.0,118.0,209.0,93.0,100.0,117.0,129.0,97.0,58.0,141.0,20.0,55.0,90.0,108.0,125.0,138.0,108.0,131.0,113.0,130.0,115.0,104.0,134.0,102.0,153.0,165.0,106.0,80.0,35.0,101.0,90.0,113.0,111.0,180.0,95.0,169.0,2.0,148.0,109.0,40.0,141.0,136.0,123.0,76.0,97.0,132.0,103.0,129.0,6886.0,78.0,53.0,134.0,111.0,132.0,124.0,104.0,143.0,184.0,132.0,151.0,100.0,175.0,129.0,95.0,62.0,139.0,92.0,237.0,145.0,131.0,79.0,128.0,133.0,56.0,101.0,114.0,43.0,87.0,57.0,150.0,156.0,77.0,140.0,43.0,140.0,51.0,201.0,137.0,118.0,102.0
Vernon,109.0,48.0,135.0,233.0,25.0,46.0,43.0,97.0,47.0,126.0,0.0,133.0,48.0,51.0,92.0,188.0,27.0,109.0,175.0,41.0,106.0,147.0,50.0,51.0,117.0,160.0,28.0,227.0,40.0,63.0,134.0,30.0,91.0,79.0,246.0,54.0,52.0,79.0,213.0,200.0,39.0,132.0,75.0,46.0,45.0,98.0,65.0,108.0,128.0,102.0,171.0,84.0,46.0,41.0,214.0,104.0,38.0,48.0,43.0,18.0,73.0,125.0,57.0,106.0,112.0,130.0,54.0,13.0,219.0,98.0,106.0,45.0,148.0,93.0,150.0,39.0,58.0,112.0,65.0,41.0,12.0,47.0,131.0,232.0,197.0,163.0,30.0,136.0,15.0,117.0,132.0,148.0,137.0,10.0,121.0,41.0,42.0,215.0,169.0,129.0,65.0,88.0,71.0,106.0,59.0,158.0,59.0,177.0,95.0,108.0,3.0,226.0,84.0,186.0,43.0,189.0,225.0,57.0,147.0,89.0,110.0,164.0,139.0,143.0,34.0,57.0,184.0,71.0,51.0,62.0,57.0,24.0,39.0,26.0,221.0,102.0,200.0,120.0,94.0,104.0,141.0,47.0,44.0,89.0,133.0,58.0,128.0,25.0,26.0,104.0,52.0,44.0,27.0,146.0,118.0,190.0,107.0,220.0,6944.0,122.0,104.0,209.0,189.0,44.0,5.0,136.0,223.0,243.0,31.0,211.0,133.0,92.0,216.0,201.0,155.0,44.0,141.0,117.0,53.0,225.0,179.0,89.0,9.0,96.0,25.0,172.0,84.0,128.0,73.0,207.0,99.0,184.0,223.0,156.0,55.0,81.0,94.0,102.0,218.0,208.0
Hérouville-Saint-Clair,46.0,107.0,3.0,105.0,110.0,106.0,105.0,130.0,103.0,91.0,133.0,0.0,104.0,107.0,41.0,56.0,109.0,80.0,58.0,98.0,54.0,224.0,110.0,103.0,56.0,28.0,113.0,101.0,105.0,101.0,7.0,154.0,72.0,91.0,117.0,104.0,105.0,76.0,94.0,67.0,99.0,3.0,65.0,111.0,99.0,143.0,69.0,28.0,10.0,53.0,46.0,72.0,101.0,99.0,83.0,51.0,101.0,109.0,109.0,128.0,86.0,35.0,106.0,36.0,45.0,3.0,105.0,121.0,89.0,48.0,157.0,109.0,15.0,46.0,38.0,111.0,106.0,51.0,102.0,112.0,140.0,152.0,4.0,101.0,89.0,47.0,106.0,7.0,120.0,19.0,5.0,69.0,11.0,128.0,244.0,100.0,97.0,105.0,61.0,4.0,88.0,52.0,141.0,35.0,109.0,34.0,79.0,50.0,62.0,156.0,130.0,110.0,196.0,65.0,90.0,57.0,100.0,77.0,47.0,85.0,76.0,72.0,7.0,17.0,109.0,105.0,54.0,87.0,88.0,93.0,85.0,110.0,113.0,122.0,88.0,105.0,77.0,15.0,100.0,35.0,10.0,92.0,93.0,135.0,4.0,144.0,92.0,142.0,133.0,58.0,112.0,112.0,112.0,27.0,19.0,57.0,35.0,92.0,6820.0,15.0,130.0,77.0,59.0,108.0,129.0,13.0,91.0,112.0,117.0,79.0,9.0,125.0,87.0,89.0,51.0,115.0,8.0,210.0,115.0,99.0,68.0,71.0,142.0,49.0,114.0,39.0,96.0,6.0,76.0,76.0,96.0,79.0,92.0,75.0,108.0,109.0,163.0,71.0,96.0,94.0
Le Petit-Quevilly,69.0,3.0,107.0,195.0,45.0,2.0,5.0,56.0,2.0,131.0,48.0,104.0,0.0,5.0,68.0,160.0,24.0,62.0,156.0,16.0,64.0,131.0,7.0,4.0,109.0,129.0,20.0,204.0,9.0,16.0,107.0,54.0,46.0,31.0,208.0,6.0,5.0,35.0,195.0,168.0,16.0,104.0,39.0,7.0,9.0,61.0,50.0,86.0,97.0,61.0,148.0,40.0,5.0,14.0,187.0,63.0,17.0,5.0,6.0,33.0,80.0,109.0,77.0,89.0,72.0,102.0,7.0,35.0,183.0,60.0,74.0,4.0,119.0,77.0,131.0,63.0,12.0,70.0,18.0,9.0,48.0,48.0,101.0,197.0,183.0,144.0,46.0,109.0,34.0,86.0,105.0,141.0,105.0,51.0,140.0,12.0,52.0,201.0,154.0,101.0,19.0,53.0,44.0,71.0,14.0,135.0,55.0,153.0,52.0,74.0,46.0,209.0,92.0,166.0,33.0,162.0,203.0,36.0,132.0,41.0,112.0,154.0,111.0,110.0,15.0,10.0,158.0,25.0,19.0,15.0,20.0,42.0,11.0,60.0,189.0,55.0,179.0,95.0,107.0,70.0,114.0,18.0,20.0,52.0,103.0,41.0,133.0,42.0,67.0,98.0,10.0,7.0,21.0,125.0,87.0,157.0,72.0,196.0,6900.0,97.0,128.0,181.0,163.0,5.0,44.0,103.0,195.0,208.0,18.0,178.0,101.0,50.0,191.0,186.0,139.0,11.0,112.0,110.0,14.0,203.0,163.0,44.0,54.0,83.0,50.0,142.0,97.0,100.0,74.0,173.0,51.0,171.0,196.0,149.0,10.0,101.0,70.0,56.0,197.0,192.0
Mont-Saint-Aignan,70.0,3.0,109.0,196.0,49.0,6.0,9.0,51.0,7.0,136.0,51.0,107.0,5.0,0.0,72.0,162.0,29.0,60.0,159.0,21.0,65.0,127.0,3.0,4.0,114.0,131.0,24.0,207.0,14.0,13.0,110.0,55.0,45.0,29.0,209.0,4.0,2.0,35.0,198.0,169.0,21.0,107.0,42.0,6.0,14.0,56.0,55.0,89.0,99.0,61.0,151.0,40.0,10.0,19.0,189.0,64.0,22.0,3.0,7.0,35.0,85.0,113.0,82.0,93.0,72.0,104.0,3.0,39.0,184.0,61.0,69.0,6.0,121.0,81.0,135.0,67.0,7.0,70.0,14.0,10.0,50.0,46.0,104.0,199.0,187.0,148.0,51.0,111.0,37.0,88.0,108.0,145.0,107.0,55.0,138.0,17.0,57.0,204.0,157.0,104.0,20.0,55.0,39.0,73.0,9.0,138.0,60.0,156.0,53.0,69.0,49.0,213.0,89.0,169.0,38.0,164.0,206.0,40.0,136.0,40.0,117.0,158.0,114.0,112.0,19.0,6.0,161.0,24.0,24.0,15.0,23.0,47.0,12.0,64.0,191.0,51.0,182.0,98.0,112.0,72.0,116.0,23.0,25.0,47.0,105.0,37.0,138.0,42.0,71.0,102.0,6.0,7.0,25.0,128.0,89.0,159.0,74.0,199.0,6899.0,100.0,133.0,183.0,166.0,7.0,47.0,105.0,197.0,209.0,20.0,179.0,103.0,45.0,193.0,189.0,143.0,9.0,115.0,106.0,9.0,205.0,166.0,44.0,57.0,88.0,55.0,144.0,102.0,103.0,79.0,174.0,48.0,175.0,199.0,153.0,5.0,106.0,65.0,55.0,201.0,196.0
Lisieux,40.0,71.0,43.0,145.0,69.0,69.0,68.0,106.0,67.0,80.0,92.0,41.0,68.0,72.0,0.0,96.0,69.0,69.0,88.0,59.0,44.0,196.0,74.0,68.0,48.0,69.0,73.0,137.0,67.0,69.0,42.0,114.0,51.0,65.0,157.0,69.0,70.0,48.0,127.0,108.0,60.0,40.0,32.0,75.0,61.0,117.0,28.0,18.0,38.0,40.0,81.0,47.0,64.0,60.0,122.0,40.0,61.0,73.0,73.0,88.0,52.0,42.0,69.0,22.0,41.0,39.0,71.0,81.0,129.0,30.0,132.0,72.0,56.0,16.0,63.0,71.0,73.0,46.0,71.0,75.0,100.0,115.0,39.0,142.0,115.0,76.0,65.0,44.0,80.0,28.0,41.0,77.0,47.0,87.0,205.0,62.0,56.0,133.0,86.0,37.0,56.0,24.0,110.0,27.0,76.0,68.0,38.0,87.0,44.0,131.0,89.0,141.0,159.0,98.0,49.0,98.0,136.0,36.0,64.0,63.0,60.0,88.0,47.0,54.0,70.0,71.0,93.0,57.0,50.0,60.0,49.0,69.0,76.0,81.0,130.0,87.0,112.0,28.0,74.0,24.0,49.0,53.0,53.0,108.0,42.0,109.0,81.0,102.0,93.0,41.0,77.0,75.0,72.0,57.0,30.0,98.0,26.0,130.0,6859.0,30.0,104.0,117.0,98.0,71.0,88.0,46.0,131.0,153.0,78.0,120.0,42.0,100.0,125.0,118.0,72.0,78.0,49.0,178.0,80.0,136.0,95.0,49.0,100.0,24.0,72.0,80.0,66.0,36.0,41.0,116.0,77.0,103.0,132.0,85.0,74.0,78.0,134.0,56.0,130.0,124.0
Saint-Lô,97.0,163.0,53.0,70.0,164.0,162.0,161.0,181.0,159.0,115.0,188.0,56.0,160.0,162.0,96.0,0.0,164.0,128.0,37.0,154.0,105.0,275.0,165.0,159.0,88.0,33.0,168.0,48.0,161.0,156.0,54.0,209.0,124.0,145.0,79.0,159.0,160.0,130.0,52.0,24.0,155.0,56.0,121.0,167.0,154.0,194.0,123.0,79.0,63.0,105.0,25.0,126.0,157.0,155.0,27.0,103.0,156.0,164.0,165.0,183.0,131.0,69.0,153.0,83.0,95.0,59.0,161.0,176.0,52.0,102.0,208.0,164.0,41.0,96.0,47.0,162.0,161.0,100.0,156.0,168.0,196.0,208.0,59.0,57.0,61.0,39.0,159.0,52.0,175.0,74.0,55.0,79.0,56.0,182.0,300.0,156.0,149.0,68.0,49.0,59.0,144.0,107.0,196.0,90.0,164.0,33.0,131.0,17.0,115.0,207.0,185.0,67.0,252.0,32.0,145.0,2.0,48.0,132.0,58.0,137.0,109.0,68.0,49.0,52.0,165.0,160.0,8.0,142.0,144.0,148.0,141.0,164.0,169.0,174.0,38.0,154.0,34.0,67.0,137.0,90.0,47.0,147.0,148.0,187.0,57.0,199.0,114.0,197.0,185.0,97.0,167.0,167.0,168.0,44.0,74.0,23.0,89.0,39.0,6774.0,66.0,165.0,22.0,9.0,164.0,183.0,58.0,35.0,68.0,172.0,37.0,60.0,176.0,32.0,55.0,54.0,170.0,48.0,264.0,170.0,47.0,47.0,124.0,196.0,96.0,167.0,21.0,137.0,60.0,124.0,37.0,145.0,58.0,36.0,79.0,163.0,150.0,216.0,121.0,49.0,57.0
Louviers,83.0,26.0,111.0,207.0,21.0,23.0,19.0,79.0,23.0,117.0,27.0,109.0,24.0,29.0,69.0,164.0,0.0,83.0,155.0,14.0,79.0,146.0,29.0,28.0,101.0,136.0,7.0,206.0,15.0,40.0,110.0,45.0,64.0,54.0,220.0,31.0,29.0,52.0,194.0,175.0,12.0,108.0,48.0,26.0,19.0,83.0,43.0,86.0,104.0,75.0,149.0,57.0,21.0,14.0,191.0,77.0,11.0,27.0,22.0,19.0,64.0,106.0,56.0,86.0,85.0,106.0,31.0,14.0,194.0,71.0,94.0,23.0,124.0,73.0,130.0,40.0,36.0,85.0,42.0,21.0,32.0,50.0,106.0,207.0,179.0,143.0,24.0,112.0,12.0,92.0,109.0,133.0,112.0,27.0,138.0,15.0,33.0,198.0,150.0,105.0,39.0,61.0,61.0,80.0,38.0,136.0,43.0,155.0,68.0,95.0,24.0,207.0,94.0,165.0,20.0,166.0,204.0,33.0,128.0,63.0,99.0,148.0,115.0,118.0,10.0,34.0,161.0,45.0,24.0,36.0,30.0,19.0,19.0,35.0,197.0,79.0,179.0,97.0,89.0,78.0,118.0,20.0,17.0,74.0,108.0,52.0,120.0,34.0,43.0,89.0,32.0,24.0,5.0,125.0,93.0,165.0,81.0,198.0,6917.0,99.0,107.0,186.0,167.0,21.0,22.0,111.0,200.0,218.0,15.0,186.0,108.0,73.0,194.0,183.0,136.0,25.0,117.0,120.0,34.0,204.0,160.0,62.0,35.0,77.0,26.0,148.0,79.0,104.0,61.0,182.0,74.0,167.0,200.0,141.0,33.0,81.0,86.0,75.0,197.0,190.0
Fécamp,35.0,63.0,83.0,144.0,99.0,64.0,66.0,54.0,62.0,149.0,109.0,80.0,62.0,60.0,69.0,128.0,83.0,0.0,138.0,70.0,27.0,148.0,62.0,59.0,116.0,94.0,81.0,176.0,70.0,48.0,87.0,114.0,22.0,31.0,157.0,57.0,58.0,32.0,173.0,127.0,71.0,82.0,47.0,66.0,64.0,67.0,76.0,80.0,70.0,30.0,125.0,29.0,63.0,69.0,154.0,31.0,72.0,63.0,67.0,95.0,112.0,104.0,120.0,89.0,35.0,78.0,57.0,96.0,136.0,39.0,81.0,66.0,91.0,85.0,118.0,112.0,54.0,29.0,47.0,70.0,109.0,102.0,76.0,151.0,169.0,128.0,98.0,87.0,94.0,63.0,84.0,142.0,75.0,110.0,189.0,68.0,98.0,185.0,141.0,80.0,44.0,46.0,77.0,48.0,56.0,114.0,89.0,127.0,25.0,80.0,107.0,189.0,139.0,145.0,78.0,129.0,176.0,67.0,124.0,20.0,129.0,149.0,87.0,76.0,76.0,55.0,129.0,38.0,62.0,47.0,55.0,97.0,72.0,115.0,148.0,27.0,156.0,80.0,138.0,50.0,90.0,65.0,69.0,62.0,77.0,86.0,150.0,102.0,125.0,109.0,62.0,68.0,82.0,107.0,63.0,117.0,49.0,167.0,6839.0,83.0,166.0,145.0,134.0,67.0,105.0,72.0,159.0,160.0,79.0,134.0,72.0,50.0,160.0,169.0,130.0,69.0,87.0,141.0,63.0,174.0,148.0,24.0,116.0,93.0,105.0,107.0,129.0,80.0,102.0,129.0,19.0,159.0,162.0,149.0,58.0,138.0,92.0,12.0,174.0,174.0
Vire Normandie,103.0,159.0,54.0,107.0,149.0,157.0,156.0,187.0,154.0,83.0,175.0,58.0,156.0,159.0,88.0,37.0,155.0,138.0,0.0,146.0,112.0,280.0,162.0,155.0,63.0,52.0,160.0,53.0,154.0,155.0,52.0,199.0,129.0,147.0,115.0,156.0,157.0,131.0,39.0,60.0,147.0,56.0,118.0,163.0,149.0,200.0,111.0,70.0,67.0,110.0,16.0,128.0,152.0,148.0,49.0,109.0,149.0,161.0,160.0,174.0,110.0,50.0,132.0,69.0,103.0,60.0,158.0,165.0,88.0,104.0,214.0,160.0,48.0,82.0,25.0,144.0,160.0,109.0,156.0,163.0,184.0,202.0,61.0,92.0,32.0,12.0,145.0,51.0,164.0,76.0,54.0,45.0,64.0,167.0,292.0,149.0,133.0,47.0,13.0,59.0,142.0,106.0,196.0,92.0,163.0,24.0,116.0,20.0,119.0,213.0,172.0,54.0,247.0,12.0,134.0,38.0,51.0,123.0,29.0,142.0,80.0,32.0,51.0,64.0,157.0,158.0,29.0,142.0,138.0,147.0,136.0,150.0,163.0,157.0,72.0,163.0,26.0,62.0,109.0,92.0,48.0,140.0,141.0,191.0,61.0,196.0,82.0,189.0,168.0,74.0,164.0,163.0,159.0,32.0,76.0,58.0,91.0,48.0,6803.0,59.0,135.0,52.0,30.0,159.0,171.0,67.0,60.0,103.0,165.0,73.0,66.0,182.0,47.0,31.0,22.0,166.0,51.0,265.0,168.0,52.0,12.0,128.0,183.0,79.0,151.0,47.0,111.0,59.0,104.0,74.0,153.0,24.0,57.0,43.0,161.0,123.0,219.0,128.0,43.0,37.0
Elbeuf,69.0,18.0,100.0,195.0,31.0,15.0,12.0,71.0,14.0,117.0,41.0,98.0,16.0,21.0,59.0,154.0,14.0,70.0,146.0,0.0,66.0,145.0,22.0,18.0,97.0,124.0,15.0,196.0,9.0,29.0,100.0,56.0,50.0,41.0,207.0,21.0,20.0,38.0,186.0,164.0,1.0,97.0,35.0,20.0,7.0,77.0,37.0,77.0,92.0,61.0,140.0,43.0,11.0,2.0,181.0,64.0,3.0,20.0,17.0,30.0,64.0,98.0,61.0,78.0,72.0,95.0,23.0,27.0,181.0,58.0,90.0,17.0,113.0,66.0,122.0,48.0,27.0,71.0,31.0,18.0,44.0,56.0,95.0,195.0,173.0,135.0,32.0,102.0,26.0,81.0,99.0,129.0,101.0,41.0,146.0,3.0,36.0,191.0,143.0,95.0,26.0,49.0,59.0,68.0,29.0,127.0,41.0,146.0,54.0,90.0,38.0,200.0,100.0,157.0,17.0,156.0,195.0,24.0,121.0,50.0,98.0,142.0,105.0,106.0,11.0,25.0,151.0,32.0,10.0,24.0,16.0,29.0,18.0,46.0,185.0,67.0,171.0,87.0,92.0,66.0,107.0,7.0,6.0,67.0,97.0,53.0,119.0,44.0,56.0,84.0,25.0,19.0,15.0,116.0,82.0,153.0,68.0,189.0,6903.0,89.0,112.0,175.0,157.0,16.0,36.0,99.0,189.0,206.0,19.0,174.0,96.0,65.0,184.0,176.0,129.0,22.0,106.0,123.0,29.0,195.0,153.0,48.0,48.0,71.0,36.0,137.0,81.0,94.0,59.0,170.0,62.0,160.0,190.0,137.0,25.0,85.0,84.0,61.0,189.0,182.0
Montivilliers,8.0,66.0,57.0,131.0,90.0,66.0,67.0,76.0,64.0,124.0,106.0,54.0,64.0,65.0,44.0,105.0,79.0,27.0,112.0,66.0,0.0,171.0,67.0,62.0,91.0,71.0,80.0,152.0,69.0,55.0,60.0,118.0,21.0,41.0,144.0,61.0,62.0,30.0,148.0,107.0,67.0,55.0,33.0,70.0,62.0,90.0,59.0,53.0,44.0,6.0,100.0,25.0,63.0,66.0,131.0,4.0,69.0,67.0,70.0,95.0,92.0,78.0,105.0,63.0,9.0,52.0,62.0,93.0,120.0,14.0,104.0,69.0,66.0,61.0,91.0,100.0,61.0,6.0,55.0,73.0,110.0,111.0,50.0,135.0,143.0,101.0,88.0,60.0,92.0,36.0,58.0,115.0,50.0,105.0,202.0,66.0,85.0,159.0,114.0,53.0,45.0,25.0,92.0,21.0,64.0,88.0,72.0,102.0,12.0,103.0,104.0,164.0,152.0,119.0,68.0,106.0,152.0,54.0,97.0,32.0,105.0,122.0,61.0,53.0,75.0,61.0,105.0,41.0,56.0,50.0,50.0,90.0,75.0,106.0,129.0,51.0,130.0,53.0,117.0,23.0,64.0,60.0,63.0,82.0,51.0,98.0,125.0,106.0,117.0,85.0,69.0,71.0,80.0,81.0,36.0,97.0,22.0,143.0,6838.0,56.0,146.0,123.0,110.0,69.0,102.0,47.0,138.0,144.0,81.0,116.0,47.0,71.0,137.0,143.0,103.0,74.0,61.0,160.0,71.0,150.0,122.0,21.0,114.0,68.0,96.0,84.0,109.0,53.0,82.0,111.0,42.0,132.0,140.0,122.0,64.0,119.0,112.0,17.0,149.0,148.0
Flers,179.0,128.0,227.0,287.0,164.0,131.0,133.0,95.0,133.0,262.0,147.0,224.0,131.0,127.0,196.0,275.0,146.0,148.0,280.0,145.0,171.0,0.0,125.0,130.0,240.0,242.0,138.0,323.0,137.0,127.0,229.0,121.0,152.0,133.0,299.0,128.0,128.0,149.0,318.0,275.0,145.0,224.0,164.0,125.0,140.0,81.0,181.0,213.0,214.0,171.0,270.0,152.0,136.0,144.0,301.0,173.0,145.0,126.0,129.0,133.0,209.0,237.0,200.0,218.0,180.0,221.0,126.0,145.0,281.0,176.0,67.0,129.0,236.0,207.0,257.0,183.0,124.0,175.0,125.0,128.0,136.0,101.0,220.0,296.0,310.0,269.0,168.0,229.0,144.0,204.0,227.0,271.0,220.0,157.0,99.0,142.0,178.0,327.0,280.0,222.0,139.0,175.0,87.0,188.0,120.0,257.0,186.0,273.0,162.0,68.0,148.0,333.0,77.0,289.0,162.0,277.0,322.0,167.0,260.0,139.0,243.0,283.0,231.0,223.0,138.0,125.0,276.0,139.0,150.0,136.0,149.0,162.0,128.0,172.0,296.0,121.0,301.0,219.0,235.0,189.0,233.0,149.0,151.0,89.0,221.0,94.0,264.0,122.0,173.0,229.0,121.0,126.0,140.0,248.0,205.0,265.0,189.0,314.0,6931.0,221.0,250.0,293.0,281.0,130.0,147.0,218.0,307.0,304.0,131.0,281.0,217.0,99.0,307.0,311.0,267.0,123.0,231.0,36.0,118.0,321.0,289.0,152.0,145.0,214.0,168.0,254.0,224.0,221.0,205.0,276.0,130.0,298.0,310.0,279.0,123.0,225.0,62.0,154.0,319.0,317.0
Bois-Guillaume,73.0,4.0,112.0,199.0,49.0,7.0,10.0,51.0,9.0,138.0,50.0,110.0,7.0,3.0,74.0,165.0,29.0,62.0,162.0,22.0,67.0,125.0,0.0,7.0,116.0,134.0,23.0,210.0,14.0,15.0,113.0,52.0,48.0,31.0,212.0,6.0,5.0,38.0,201.0,172.0,22.0,109.0,45.0,4.0,15.0,55.0,57.0,92.0,102.0,64.0,154.0,43.0,12.0,20.0,192.0,67.0,22.0,2.0,7.0,33.0,86.0,115.0,83.0,95.0,75.0,107.0,6.0,38.0,187.0,64.0,68.0,5.0,124.0,84.0,138.0,68.0,9.0,73.0,16.0,9.0,48.0,44.0,106.0,201.0,189.0,150.0,52.0,114.0,36.0,91.0,111.0,148.0,110.0,54.0,135.0,18.0,58.0,207.0,160.0,107.0,23.0,58.0,37.0,76.0,9.0,141.0,62.0,159.0,55.0,68.0,48.0,215.0,87.0,172.0,39.0,167.0,209.0,42.0,138.0,42.0,119.0,161.0,116.0,115.0,19.0,7.0,163.0,27.0,26.0,18.0,26.0,47.0,11.0,64.0,194.0,52.0,185.0,101.0,114.0,75.0,119.0,25.0,27.0,46.0,108.0,35.0,140.0,40.0,71.0,104.0,4.0,6.0,25.0,130.0,92.0,162.0,77.0,202.0,6901.0,103.0,134.0,186.0,169.0,7.0,46.0,108.0,200.0,212.0,18.0,182.0,106.0,45.0,196.0,192.0,146.0,7.0,118.0,104.0,7.0,208.0,169.0,47.0,55.0,90.0,55.0,146.0,103.0,106.0,81.0,177.0,50.0,177.0,201.0,156.0,5.0,107.0,63.0,58.0,203.0,198.0
Canteleu,67.0,4.0,106.0,193.0,48.0,6.0,9.0,53.0,5.0,133.0,51.0,103.0,4.0,4.0,68.0,159.0,28.0,59.0,155.0,18.0,62.0,130.0,7.0,0.0,110.0,127.0,24.0,203.0,13.0,12.0,106.0,57.0,43.0,28.0,206.0,3.0,2.0,32.0,194.0,166.0,19.0,103.0,38.0,8.0,11.0,59.0,51.0,86.0,96.0,58.0,147.0,37.0,8.0,17.0,186.0,61.0,20.0,6.0,9.0,36.0,82.0,109.0,80.0,89.0,69.0,100.0,4.0,39.0,181.0,58.0,72.0,7.0,118.0,78.0,131.0,66.0,9.0,67.0,14.0,12.0,51.0,50.0,100.0,195.0,183.0,144.0,50.0,108.0,37.0,84.0,104.0,142.0,104.0,55.0,142.0,15.0,55.0,201.0,153.0,100.0,17.0,51.0,43.0,70.0,11.0,134.0,57.0,152.0,50.0,72.0,49.0,209.0,93.0,165.0,35.0,160.0,202.0,37.0,132.0,38.0,113.0,154.0,110.0,109.0,18.0,7.0,157.0,22.0,20.0,12.0,19.0,46.0,14.0,63.0,188.0,51.0,178.0,94.0,109.0,69.0,113.0,20.0,23.0,49.0,102.0,41.0,135.0,45.0,71.0,98.0,9.0,10.0,25.0,124.0,85.0,155.0,70.0,195.0,6897.0,96.0,131.0,179.0,162.0,8.0,47.0,102.0,194.0,206.0,21.0,176.0,99.0,47.0,190.0,185.0,139.0,12.0,111.0,110.0,13.0,202.0,163.0,41.0,57.0,84.0,53.0,140.0,99.0,99.0,76.0,171.0,47.0,171.0,195.0,150.0,7.0,103.0,69.0,53.0,197.0,192.0
Argentan,84.0,112.0,55.0,154.0,91.0,110.0,108.0,154.0,108.0,36.0,117.0,56.0,109.0,114.0,48.0,88.0,101.0,116.0,63.0,97.0,91.0,240.0,116.0,110.0,0.0,77.0,108.0,116.0,105.0,114.0,50.0,144.0,99.0,112.0,164.0,112.0,112.0,96.0,99.0,109.0,97.0,53.0,78.0,116.0,101.0,164.0,60.0,38.0,62.0,87.0,65.0,95.0,105.0,98.0,109.0,87.0,98.0,115.0,113.0,119.0,48.0,21.0,70.0,28.0,85.0,55.0,114.0,109.0,136.0,78.0,179.0,113.0,63.0,34.0,42.0,83.0,117.0,91.0,116.0,114.0,128.0,151.0,58.0,144.0,80.0,53.0,86.0,52.0,109.0,61.0,51.0,32.0,67.0,108.0,237.0,100.0,75.0,99.0,54.0,52.0,102.0,72.0,153.0,70.0,120.0,55.0,59.0,73.0,92.0,178.0,114.0,110.0,195.0,74.0,81.0,90.0,113.0,74.0,33.0,111.0,21.0,47.0,55.0,73.0,106.0,115.0,82.0,104.0,90.0,105.0,91.0,93.0,114.0,97.0,127.0,135.0,88.0,44.0,49.0,67.0,56.0,92.0,91.0,155.0,59.0,149.0,36.0,135.0,107.0,13.0,119.0,115.0,106.0,45.0,62.0,101.0,69.0,110.0,6863.0,43.0,78.0,109.0,86.0,111.0,113.0,68.0,120.0,156.0,114.0,122.0,64.0,148.0,109.0,85.0,40.0,118.0,58.0,219.0,123.0,115.0,64.0,98.0,125.0,26.0,92.0,83.0,49.0,52.0,44.0,121.0,126.0,68.0,118.0,40.0,117.0,62.0,178.0,104.0,104.0,93.0
Bayeux,63.0,131.0,27.0,78.0,138.0,131.0,131.0,147.0,128.0,110.0,160.0,28.0,129.0,131.0,69.0,33.0,136.0,94.0,52.0,124.0,71.0,242.0,134.0,127.0,77.0,0.0,139.0,81.0,131.0,123.0,30.0,180.0,91.0,112.0,90.0,127.0,129.0,98.0,81.0,40.0,125.0,30.0,90.0,136.0,124.0,161.0,97.0,55.0,32.0,72.0,37.0,93.0,126.0,125.0,60.0,70.0,127.0,133.0,134.0,154.0,112.0,56.0,133.0,63.0,62.0,30.0,129.0,148.0,61.0,70.0,175.0,133.0,15.0,74.0,45.0,139.0,129.0,67.0,124.0,137.0,167.0,177.0,30.0,73.0,83.0,46.0,134.0,28.0,147.0,44.0,30.0,81.0,24.0,155.0,269.0,126.0,125.0,95.0,61.0,32.0,112.0,76.0,163.0,58.0,132.0,32.0,107.0,36.0,82.0,173.0,157.0,97.0,220.0,55.0,118.0,35.0,81.0,104.0,56.0,103.0,98.0,77.0,24.0,19.0,135.0,129.0,35.0,109.0,114.0,117.0,110.0,138.0,138.0,150.0,61.0,121.0,63.0,43.0,124.0,59.0,23.0,118.0,119.0,154.0,27.0,167.0,110.0,168.0,161.0,82.0,136.0,136.0,138.0,35.0,43.0,29.0,57.0,72.0,6792.0,42.0,154.0,52.0,40.0,133.0,156.0,26.0,67.0,84.0,142.0,51.0,28.0,143.0,65.0,81.0,57.0,139.0,22.0,231.0,139.0,80.0,64.0,91.0,169.0,76.0,141.0,13.0,122.0,33.0,103.0,48.0,112.0,76.0,69.0,84.0,132.0,134.0,183.0,87.0,80.0,84.0
Val-de-Reuil,84.0,21.0,115.0,209.0,28.0,18.0,15.0,73.0,19.0,124.0,28.0,113.0,20.0,24.0,73.0,168.0,7.0,81.0,160.0,15.0,80.0,138.0,23.0,24.0,108.0,139.0,0.0,210.0,12.0,36.0,114.0,41.0,63.0,51.0,222.0,26.0,25.0,51.0,199.0,178.0,14.0,112.0,50.0,20.0,18.0,77.0,49.0,91.0,107.0,75.0,154.0,56.0,18.0,14.0,195.0,78.0,12.0,21.0,16.0,15.0,71.0,111.0,63.0,91.0,86.0,110.0,27.0,15.0,196.0,73.0,88.0,18.0,128.0,78.0,135.0,46.0,31.0,85.0,38.0,15.0,30.0,44.0,110.0,210.0,185.0,148.0,31.0,116.0,14.0,95.0,113.0,140.0,115.0,31.0,132.0,14.0,40.0,203.0,156.0,109.0,37.0,64.0,54.0,83.0,32.0,141.0,49.0,160.0,68.0,88.0,26.0,213.0,88.0,170.0,26.0,170.0,209.0,37.0,134.0,61.0,106.0,154.0,119.0,121.0,6.0,29.0,165.0,43.0,25.0,34.0,30.0,25.0,13.0,41.0,200.0,75.0,184.0,101.0,97.0,81.0,122.0,21.0,20.0,67.0,112.0,45.0,126.0,29.0,48.0,95.0,26.0,18.0,2.0,130.0,96.0,168.0,83.0,203.0,6917.0,103.0,114.0,190.0,171.0,16.0,24.0,114.0,204.0,220.0,7.0,189.0,111.0,68.0,198.0,189.0,142.0,19.0,121.0,113.0,28.0,209.0,166.0,61.0,35.0,83.0,32.0,151.0,86.0,108.0,68.0,185.0,71.0,173.0,204.0,148.0,28.0,88.0,79.0,74.0,202.0,195.0
Granville,144.0,207.0,98.0,90.0,202.0,206.0,205.0,228.0,203.0,132.0,227.0,101.0,204.0,207.0,137.0,48.0,206.0,176.0,53.0,196.0,152.0,323.0,210.0,203.0,116.0,81.0,210.0,0.0,204.0,201.0,97.0,251.0,171.0,191.0,92.0,204.0,205.0,176.0,24.0,58.0,197.0,100.0,165.0,211.0,198.0,241.0,163.0,120.0,109.0,152.0,56.0,172.0,201.0,197.0,26.0,150.0,199.0,209.0,209.0,225.0,163.0,102.0,185.0,120.0,143.0,103.0,205.0,217.0,75.0,148.0,256.0,208.0,87.0,134.0,77.0,197.0,206.0,148.0,202.0,212.0,236.0,252.0,104.0,70.0,48.0,64.0,197.0,96.0,216.0,120.0,99.0,94.0,103.0,220.0,343.0,199.0,186.0,40.0,63.0,103.0,189.0,152.0,242.0,136.0,210.0,69.0,168.0,51.0,162.0,255.0,224.0,30.0,296.0,42.0,186.0,47.0,3.0,173.0,82.0,184.0,132.0,77.0,93.0,99.0,207.0,205.0,47.0,188.0,187.0,193.0,185.0,203.0,213.0,210.0,51.0,202.0,27.0,109.0,161.0,136.0,91.0,190.0,191.0,234.0,103.0,244.0,130.0,239.0,221.0,128.0,212.0,211.0,209.0,81.0,119.0,65.0,135.0,9.0,6754.0,107.0,185.0,36.0,42.0,208.0,223.0,105.0,29.0,77.0,215.0,62.0,106.0,223.0,17.0,39.0,75.0,215.0,93.0,311.0,215.0,2.0,53.0,171.0,235.0,132.0,204.0,69.0,164.0,104.0,157.0,67.0,193.0,56.0,23.0,89.0,208.0,176.0,263.0,168.0,15.0,34.0
Oissel,73.0,11.0,107.0,199.0,35.0,8.0,5.0,65.0,8.0,125.0,40.0,105.0,9.0,14.0,67.0,161.0,15.0,70.0,154.0,9.0,69.0,137.0,14.0,13.0,105.0,131.0,12.0,204.0,0.0,25.0,107.0,50.0,52.0,39.0,212.0,16.0,15.0,40.0,194.0,170.0,8.0,104.0,41.0,12.0,7.0,70.0,46.0,85.0,98.0,65.0,148.0,45.0,6.0,7.0,188.0,67.0,8.0,13.0,8.0,26.0,73.0,107.0,68.0,87.0,76.0,102.0,17.0,27.0,187.0,63.0,82.0,9.0,120.0,74.0,130.0,54.0,21.0,75.0,27.0,9.0,41.0,48.0,102.0,200.0,181.0,143.0,37.0,109.0,25.0,87.0,106.0,137.0,107.0,42.0,139.0,6.0,44.0,199.0,151.0,102.0,26.0,55.0,50.0,73.0,23.0,135.0,49.0,153.0,57.0,82.0,37.0,208.0,92.0,165.0,26.0,162.0,203.0,32.0,130.0,49.0,106.0,151.0,112.0,112.0,6.0,19.0,158.0,32.0,17.0,22.0,20.0,33.0,9.0,50.0,191.0,64.0,178.0,95.0,100.0,72.0,114.0,14.0,15.0,60.0,104.0,44.0,127.0,38.0,58.0,93.0,18.0,11.0,13.0,124.0,88.0,159.0,74.0,196.0,6906.0,97.0,120.0,182.0,164.0,7.0,35.0,105.0,196.0,211.0,12.0,180.0,102.0,59.0,191.0,184.0,137.0,14.0,113.0,114.0,21.0,202.0,161.0,50.0,46.0,80.0,41.0,143.0,89.0,101.0,68.0,176.0,60.0,169.0,197.0,145.0,19.0,92.0,76.0,63.0,197.0,190.0
Barentin,61.0,16.0,104.0,186.0,59.0,18.0,21.0,43.0,17.0,139.0,63.0,101.0,16.0,13.0,69.0,156.0,40.0,48.0,155.0,29.0,55.0,127.0,15.0,12.0,114.0,123.0,36.0,201.0,25.0,0.0,105.0,67.0,35.0,16.0,199.0,10.0,11.0,26.0,194.0,161.0,30.0,101.0,37.0,18.0,22.0,51.0,57.0,86.0,93.0,52.0,146.0,30.0,19.0,27.0,182.0,54.0,31.0,16.0,20.0,48.0,90.0,111.0,90.0,91.0,63.0,98.0,9.0,51.0,175.0,54.0,65.0,19.0,115.0,81.0,131.0,77.0,7.0,60.0,2.0,23.0,62.0,56.0,97.0,189.0,184.0,144.0,61.0,106.0,49.0,81.0,103.0,145.0,100.0,67.0,147.0,26.0,65.0,201.0,154.0,98.0,13.0,49.0,41.0,66.0,9.0,133.0,65.0,150.0,43.0,65.0,61.0,209.0,97.0,164.0,44.0,157.0,200.0,43.0,133.0,27.0,119.0,157.0,108.0,105.0,31.0,7.0,154.0,14.0,27.0,9.0,24.0,58.0,25.0,75.0,183.0,39.0,177.0,93.0,118.0,65.0,111.0,28.0,32.0,41.0,99.0,43.0,141.0,55.0,83.0,103.0,15.0,20.0,37.0,123.0,82.0,151.0,67.0,193.0,6887.0,96.0,140.0,176.0,160.0,20.0,60.0,98.0,190.0,199.0,33.0,170.0,96.0,37.0,187.0,186.0,140.0,22.0,109.0,110.0,16.0,200.0,163.0,34.0,69.0,88.0,65.0,136.0,107.0,97.0,83.0,165.0,35.0,172.0,192.0,153.0,10.0,113.0,65.0,44.0,196.0,192.0
Ifs,52.0,110.0,5.0,108.0,110.0,109.0,108.0,135.0,106.0,85.0,134.0,7.0,107.0,110.0,42.0,54.0,110.0,87.0,52.0,100.0,60.0,229.0,113.0,106.0,50.0,30.0,114.0,97.0,107.0,105.0,0.0,155.0,77.0,96.0,120.0,107.0,108.0,80.0,89.0,68.0,101.0,5.0,68.0,114.0,101.0,148.0,69.0,26.0,17.0,59.0,41.0,77.0,104.0,101.0,80.0,57.0,103.0,112.0,112.0,129.0,83.0,29.0,103.0,33.0,51.0,8.0,109.0,122.0,91.0,53.0,163.0,111.0,15.0,44.0,32.0,110.0,110.0,57.0,106.0,115.0,142.0,155.0,11.0,102.0,83.0,41.0,106.0,2.0,121.0,25.0,2.0,62.0,18.0,128.0,246.0,102.0,96.0,99.0,54.0,7.0,92.0,55.0,146.0,40.0,113.0,29.0,78.0,46.0,67.0,161.0,131.0,105.0,199.0,60.0,91.0,56.0,96.0,78.0,39.0,90.0,71.0,65.0,6.0,23.0,111.0,109.0,51.0,91.0,90.0,97.0,88.0,111.0,116.0,121.0,88.0,111.0,73.0,14.0,95.0,40.0,8.0,94.0,95.0,140.0,11.0,147.0,85.0,144.0,133.0,53.0,115.0,114.0,114.0,21.0,24.0,58.0,39.0,89.0,6822.0,12.0,126.0,76.0,56.0,111.0,129.0,20.0,89.0,114.0,119.0,80.0,17.0,130.0,84.0,83.0,44.0,118.0,8.0,214.0,118.0,95.0,62.0,76.0,142.0,46.0,113.0,40.0,92.0,7.0,74.0,77.0,101.0,72.0,90.0,68.0,112.0,105.0,168.0,77.0,91.0,89.0
Gisors,123.0,53.0,156.0,249.0,54.0,52.0,51.0,88.0,55.0,155.0,30.0,154.0,54.0,55.0,114.0,209.0,45.0,114.0,199.0,56.0,118.0,121.0,52.0,57.0,144.0,180.0,41.0,251.0,50.0,67.0,155.0,0.0,100.0,83.0,262.0,58.0,57.0,89.0,238.0,219.0,55.0,153.0,91.0,49.0,57.0,85.0,88.0,131.0,148.0,115.0,194.0,94.0,55.0,55.0,236.0,117.0,53.0,52.0,49.0,26.0,101.0,150.0,86.0,131.0,125.0,151.0,58.0,35.0,236.0,113.0,89.0,50.0,169.0,118.0,175.0,68.0,60.0,124.0,68.0,45.0,17.0,23.0,151.0,250.0,223.0,188.0,59.0,157.0,35.0,136.0,154.0,176.0,156.0,40.0,93.0,54.0,70.0,242.0,195.0,150.0,74.0,104.0,56.0,123.0,59.0,181.0,85.0,200.0,107.0,91.0,32.0,252.0,54.0,210.0,65.0,211.0,249.0,78.0,173.0,94.0,139.0,191.0,160.0,162.0,45.0,59.0,206.0,79.0,66.0,69.0,70.0,52.0,44.0,55.0,241.0,100.0,224.0,142.0,123.0,122.0,162.0,62.0,61.0,78.0,153.0,41.0,157.0,12.0,53.0,131.0,52.0,47.0,42.0,170.0,137.0,209.0,124.0,243.0,6953.0,144.0,132.0,231.0,212.0,49.0,32.0,155.0,245.0,261.0,38.0,230.0,152.0,84.0,239.0,227.0,180.0,45.0,162.0,89.0,51.0,249.0,205.0,98.0,25.0,121.0,54.0,192.0,113.0,149.0,101.0,225.0,100.0,211.0,245.0,184.0,57.0,111.0,73.0,110.0,242.0,234.0
Bolbec,28.0,47.0,75.0,151.0,78.0,48.0,49.0,58.0,46.0,130.0,91.0,72.0,46.0,45.0,51.0,124.0,64.0,22.0,129.0,50.0,21.0,152.0,48.0,43.0,99.0,91.0,63.0,171.0,52.0,35.0,77.0,100.0,0.0,21.0,164.0,42.0,43.0,12.0,166.0,128.0,51.0,72.0,26.0,51.0,45.0,71.0,55.0,65.0,62.0,19.0,118.0,8.0,46.0,50.0,151.0,21.0,53.0,48.0,51.0,78.0,91.0,90.0,99.0,73.0,29.0,69.0,43.0,77.0,141.0,24.0,86.0,50.0,85.0,66.0,107.0,91.0,41.0,26.0,35.0,55.0,93.0,91.0,68.0,155.0,159.0,118.0,77.0,78.0,76.0,52.0,75.0,127.0,69.0,91.0,181.0,50.0,76.0,176.0,130.0,70.0,26.0,27.0,72.0,36.0,43.0,106.0,67.0,121.0,10.0,85.0,88.0,182.0,131.0,137.0,57.0,126.0,171.0,46.0,111.0,13.0,110.0,136.0,79.0,72.0,58.0,41.0,124.0,21.0,41.0,31.0,35.0,77.0,56.0,94.0,149.0,36.0,149.0,68.0,117.0,37.0,82.0,45.0,49.0,63.0,69.0,77.0,132.0,87.0,104.0,91.0,49.0,52.0,64.0,97.0,53.0,117.0,37.0,163.0,6854.0,70.0,145.0,143.0,129.0,50.0,86.0,66.0,158.0,165.0,63.0,137.0,65.0,53.0,156.0,160.0,117.0,55.0,79.0,140.0,51.0,170.0,138.0,2.0,98.0,74.0,84.0,104.0,108.0,70.0,81.0,131.0,26.0,148.0,160.0,134.0,44.0,117.0,92.0,11.0,167.0,166.0
